[[       0.               -0.                0.                0.
         0.                0.                0.                0.
         0.        ]
 [      -0.                0.                0.               -0.
         0.               -0.                0.                0.
         0.        ]
 [       0.                0.         19437037.03703704        0.
        -0.                0.                0.                0.
         0.        ]
 [       0.               -0.                0.                0.
        -0.                0.                0.                0.
         0.        ]
 [       0.                0.               -0.               -0.
         0.                0.               -0.                0.
        -0.        ]
 [       0.               -0.                0.                0.
         0.         19437037.03703704        0.               -0.
         0.        ]
 [       0.                0.                0.                0.
        -0.                0.                0.               -0.
         0.        ]
 [       0.                0.                0.                0.
         0.               -0.               -0.                0.
         0.        ]
 [       0.                0.                0.                0.
        -0.                0.                0.                0.
  43733333.33333334]]